==========================================================
 ANALYSIS REPORT: Week 3
==========================================================

1. Performance Metrics
----------------------
  Objective Value : 4,345,500.00
  Execution Time  : 162.0269 sec
  Iterations      : 135
  RMP Time (LP)   : 56.7044 s
  RMP Time (MIP)  : 43.8844 s
  Pool Search Time: 0.0007 s
  Graph Search Time: 61.2778 s
  MIP Decision Variables: 354 (Columns used in Final MIP)

2. Column Generation & Pool Statistics
--------------------------------------
  Total Columns Generated (History) : 1370
  Pool Hits (Reused from History)   : 0
  Graph Gen (Newly Created)         : 1350
  Pool Hit Rate                     : 0.0%

3. Shift Pattern Diversity (Unique Patterns)
------------------------------------------
  Type: TypeA  | Unique Patterns:  136 / Total Gen:  272
       -> Avg Length of Unique Patterns: 44.4 hours
  Type: TypeB  | Unique Patterns:  136 / Total Gen:  544
       -> Avg Length of Unique Patterns: 31.2 hours
  Type: TypeC  | Unique Patterns:  136 / Total Gen:  544
       -> Avg Length of Unique Patterns: 22.0 hours

4. Final Schedule Assignment Breakdown
--------------------------------------
  Emp 0  (TypeA): 45 hours worked
  Emp 1  (TypeA): 47 hours worked
  Emp 2  (TypeB): 35 hours worked
  Emp 3  (TypeB): 35 hours worked
  Emp 4  (TypeB): 35 hours worked
  Emp 5  (TypeB): 35 hours worked
  Emp 6  (TypeC): 22 hours worked
  Emp 7  (TypeC): 23 hours worked
  Emp 8  (TypeC): 25 hours worked
  Emp 9  (TypeC): 24 hours worked

5. Iteration History (Convergence Log)
--------------------------------------
Iter  | RMP Obj Value   | Pool Hits  | Graph Gen 
--------------------------------------------------
1     | 251,024,000.00  | 0          | 10        
2     | 76,329,900.00   | 0          | 10        
3     | 35,385,050.00   | 0          | 10        
4     | 22,394,000.00   | 0          | 10        
5     | 14,389,000.00   | 0          | 10        
6     | 9,389,000.00    | 0          | 10        
7     | 8,378,600.00    | 0          | 10        
8     | 7,478,190.00    | 0          | 10        
9     | 5,381,350.00    | 0          | 10        
10    | 4,853,847.25    | 0          | 10        
11    | 3,862,407.34    | 0          | 10        
12    | 2,879,527.50    | 0          | 10        
13    | 2,167,517.48    | 0          | 10        
14    | 1,318,289.27    | 0          | 10        
15    | 940,642.15      | 0          | 10        
16    | 691,986.73      | 0          | 10        
17    | 399,423.14      | 0          | 10        
18    | 374,228.86      | 0          | 10        
19    | 372,770.76      | 0          | 10        
20    | 370,037.92      | 0          | 10        
21    | 367,740.74      | 0          | 10        
22    | 364,458.78      | 0          | 10        
23    | 361,406.11      | 0          | 10        
24    | 358,243.32      | 0          | 10        
25    | 355,789.84      | 0          | 10        
26    | 354,633.26      | 0          | 10        
27    | 353,284.39      | 0          | 10        
28    | 352,600.55      | 0          | 10        
29    | 352,177.55      | 0          | 10        
30    | 350,339.75      | 0          | 10        
31    | 348,737.68      | 0          | 10        
32    | 347,275.73      | 0          | 10        
33    | 345,656.96      | 0          | 10        
34    | 344,813.88      | 0          | 10        
35    | 343,858.09      | 0          | 10        
36    | 343,259.37      | 0          | 10        
37    | 342,724.32      | 0          | 10        
38    | 341,828.85      | 0          | 10        
39    | 341,124.53      | 0          | 10        
40    | 339,447.38      | 0          | 10        
41    | 338,137.52      | 0          | 10        
42    | 337,193.35      | 0          | 10        
43    | 336,464.99      | 0          | 10        
44    | 335,809.52      | 0          | 10        
45    | 334,986.84      | 0          | 10        
46    | 334,409.25      | 0          | 10        
47    | 334,161.06      | 0          | 10        
48    | 333,525.57      | 0          | 10        
49    | 332,761.67      | 0          | 10        
50    | 332,239.76      | 0          | 10        
51    | 331,746.07      | 0          | 10        
52    | 330,623.06      | 0          | 10        
53    | 330,068.54      | 0          | 10        
54    | 329,631.67      | 0          | 10        
55    | 329,259.01      | 0          | 10        
56    | 327,998.86      | 0          | 10        
57    | 327,405.39      | 0          | 10        
58    | 327,105.46      | 0          | 10        
59    | 326,654.39      | 0          | 10        
60    | 326,174.04      | 0          | 10        
61    | 325,784.29      | 0          | 10        
62    | 325,676.69      | 0          | 10        
63    | 324,709.07      | 0          | 10        
64    | 324,503.10      | 0          | 10        
65    | 324,445.49      | 0          | 10        
66    | 324,314.03      | 0          | 10        
67    | 324,034.18      | 0          | 10        
68    | 323,804.36      | 0          | 10        
69    | 323,600.99      | 0          | 10        
70    | 323,491.32      | 0          | 10        
71    | 323,269.12      | 0          | 10        
72    | 323,035.10      | 0          | 10        
73    | 322,919.66      | 0          | 10        
74    | 322,608.14      | 0          | 10        
75    | 322,375.41      | 0          | 10        
76    | 322,149.98      | 0          | 10        
77    | 322,043.24      | 0          | 10        
78    | 321,972.72      | 0          | 10        
79    | 321,608.79      | 0          | 10        
80    | 321,462.04      | 0          | 10        
81    | 321,214.90      | 0          | 10        
82    | 321,201.51      | 0          | 10        
83    | 321,061.18      | 0          | 10        
84    | 321,012.23      | 0          | 10        
85    | 320,923.00      | 0          | 10        
86    | 320,898.70      | 0          | 10        
87    | 320,865.50      | 0          | 10        
88    | 320,813.13      | 0          | 10        
89    | 320,742.86      | 0          | 10        
90    | 320,644.36      | 0          | 10        
91    | 320,420.30      | 0          | 10        
92    | 320,220.31      | 0          | 10        
93    | 320,116.70      | 0          | 10        
94    | 319,901.19      | 0          | 10        
95    | 319,589.14      | 0          | 10        
96    | 319,233.37      | 0          | 10        
97    | 319,080.85      | 0          | 10        
98    | 318,982.94      | 0          | 10        
99    | 318,919.86      | 0          | 10        
100   | 318,755.37      | 0          | 10        
101   | 318,659.29      | 0          | 10        
102   | 318,641.88      | 0          | 10        
103   | 318,386.47      | 0          | 10        
104   | 318,239.22      | 0          | 10        
105   | 318,190.16      | 0          | 10        
106   | 318,168.43      | 0          | 10        
107   | 318,102.91      | 0          | 10        
108   | 318,065.93      | 0          | 10        
109   | 318,016.77      | 0          | 10        
110   | 317,934.08      | 0          | 10        
111   | 317,803.92      | 0          | 10        
112   | 317,659.92      | 0          | 10        
113   | 317,506.21      | 0          | 10        
114   | 317,394.00      | 0          | 10        
115   | 317,359.40      | 0          | 10        
116   | 317,121.15      | 0          | 10        
117   | 317,052.73      | 0          | 10        
118   | 316,949.87      | 0          | 10        
119   | 316,906.38      | 0          | 10        
120   | 316,811.41      | 0          | 10        
121   | 316,714.11      | 0          | 10        
122   | 316,625.91      | 0          | 10        
123   | 316,379.18      | 0          | 10        
124   | 316,314.94      | 0          | 10        
125   | 316,282.23      | 0          | 10        
126   | 316,210.19      | 0          | 10        
127   | 316,162.42      | 0          | 10        
128   | 316,078.98      | 0          | 10        
129   | 316,077.19      | 0          | 10        
130   | 315,911.48      | 0          | 10        
131   | 315,849.39      | 0          | 10        
132   | 315,807.70      | 0          | 10        
133   | 315,801.11      | 0          | 10        
134   | 315,780.28      | 0          | 10        
135   | 315,766.71      | 0          | 10        
